[0.925254111135149,7.474588886485092e-2]
[0.8255309649206574,0.17446903507934267]
[0.8958953477008075,0.10410465229919247]
[0.846859522762486,0.15314047723751392]
[0.9786215300736701,2.1378469926329795e-2]
[0.8972403527388957,0.10275964726110443]
[0.8390171559628439,0.16098284403715604]
[0.21866835852335476,0.7813316414766452]
[0.11941111483362984,0.8805888851663702]
[0.1766008569005905,0.8233991430994095]
[0.11689787118730359,0.8831021288126965]
[2.3946128800746053e-2,0.9760538711992539]
[7.245943588096788e-2,0.9275405641190322]
[0.18851479492166975,0.8114852050783302]
[0.16127011156392848,0.8387298884360717]
[1.8533569794053746e-2,1.942346886113944e-2,0.24821782726607933,1.7658802566550842e-2,7.409067897556489e-2,8.499942615930137e-3,0.13669400793079273,0.32249462928365324,0.15438707270623575]
[1.4996485008557148e-2,1.5383978028693812e-2,0.3150176856404754,1.0042664432970265e-2,4.739447904790782e-2,4.05974482593236e-3,0.15122012367499446,5.65881038527745e-2,0.3852967354876942]
[1.060369368864257e-2,1.1056867063798213e-2,0.20826303968078413,7.168714605149194e-3,3.1590810776795396e-2,2.8988174119346437e-3,0.15757557528297414,3.239444064505514e-2,0.5384480408448665]
[3.0291698994093924e-3,3.202118778358156e-3,0.38854641533197637,2.502903262278207e-3,1.2509364183241077e-2,1.0381762702507662e-3,0.13421682617510353,1.6875093659764733e-2,0.4380799324396178]
[4.678651189128554e-3,4.891717296910828e-3,0.1534104199683866,3.6177238712409277e-3,1.5964455078990223e-2,1.4787254144475633e-3,0.19661863124779738,1.7923405455193223e-2,0.6014162704779047]
[6.394643772692514e-3,6.884004448463282e-3,0.14285367236287883,5.239657445795077e-3,2.1437397581092563e-2,2.2006391010076557e-3,0.3154766107817925,2.1243705040608626e-2,0.47826966946566896]
[5.460131019883453e-3,5.706588499744078e-3,0.19189774517628258,4.330054861794098e-3,1.9544294560090446e-2,1.7558340541030133e-3,0.2521700804980102,2.2461307665878817e-2,0.4966739636642133]
[7.006986108853341e-3,7.326768566450948e-3,0.17171312452213777,5.793924998285639e-3,2.4327612229981414e-2,2.3741637703310102e-3,0.3945937547470638,2.758358815477746e-2,0.3592800769021186]
[1.6789619324472142e-2,1.7681770763928194e-2,0.41167034887356874,1.2727637031711703e-2,7.634636010678536e-2,5.084176294702488e-3,0.1250135006435157,0.12525972038806174,0.2094268665732539]
[2.061240196210359e-3,2.2243720880528515e-3,9.776946900763842e-2,1.8004310517033453e-3,8.50218018294177e-3,7.305535697884831e-4,0.6192868012419416,9.261570081699325e-3,0.25836338258002384]
[8.260973177214848e-3,8.911821701463506e-3,0.13142769046447642,6.772495604890864e-3,2.634697429811422e-2,2.787164073708592e-3,0.41106945470108064,2.3604877907016084e-2,0.38081854807203475]
[2.136990938212137e-3,2.3133032900197145e-3,6.906875444872701e-2,2.024201944017063e-3,8.935801168228842e-3,8.414330212877789e-4,0.8032657082977346,1.0265962271442112e-2,0.10114784462033073]
[8.071063008243222e-3,8.590440522745359e-3,0.13135630357911154,6.417599243712955e-3,2.5244189965065462e-2,2.608501428913739e-3,0.3837012150070125,2.2903473497449724e-2,0.4111072137477455]
[3.6743599436797614e-3,3.9460471147573775e-3,8.715502239441864e-2,3.241421761929608e-3,1.3666227700279764e-2,1.324904005846447e-3,0.6820185499082833,1.4030774667754157e-2,0.1909426925030509]
[6.071141037328809e-3,6.585353602459562e-3,0.10047436014892173,5.725221131684883e-3,2.1944915961861267e-2,2.3934159827156644e-3,0.6617284776894368,2.2024377904450557e-2,0.17305273654114064]
[3.959972499337181e-3,4.248038750668841e-3,8.484001033135577e-2,3.531168088656813e-3,1.4509504282716851e-2,1.4458793007752842e-3,0.696523599528691,1.474621236250063e-2,0.17619561485529747]
[5.0588484958234235e-3,5.482039510252136e-3,0.10965685151645883,5.082980292676526e-3,2.0895809872011794e-2,2.138970873912943e-3,0.6923550068319072,2.41719705331489e-2,0.13515752207380832]
[1.811396452378083e-2,1.9064630129553107e-2,0.12186888574765131,1.7701523457481074e-2,8.524911938360955e-2,7.802213604034768e-3,6.804060174844906e-2,0.5873256132197352,7.483344818570513e-2]
[1.4213971758193727e-2,1.5282776801854803e-2,0.2834400122893348,1.3031618583468466e-2,8.444898668032257e-2,5.273685595290358e-3,0.11212265840124645,0.3436175516613734,0.12856873822891537]
[4.146188264188539e-3,4.591395562098347e-3,0.25197922920493726,3.6036019715190953e-3,1.9080017428354162e-2,1.4375683542642728e-3,0.28999748420732546,1.9039853210105005e-2,0.4061246617972079]
[3.6493446346710203e-3,4.008563006967771e-3,0.17223498693556466,3.379620863603664e-3,1.684857314743217e-2,1.374239690045821e-3,0.5615177365529725,1.7947217680689638e-2,0.21903971748805268]
[3.11545865925529e-2,3.137519210137969e-2,0.16178655997355879,2.7885568318309933e-2,0.11472678329409339,1.19671172898012e-2,0.10231326919092684,0.40750583773132937,0.1112850855080479]
[3.6074783795737924e-3,3.94361322712645e-3,0.14697927063877708,3.5855188425862436e-3,1.733085223833344e-2,1.4791345755753283e-3,0.6678383437302517,2.0875962180045043e-2,0.13435982618773087]
[1.1933499015956094e-3,1.3042129186943555e-3,3.8148506482159866e-2,1.1309043232332848e-3,5.176579045326245e-3,4.5975321418946887e-4,0.8897461961261268,5.436555046110695e-3,5.740394294256373e-2]
[4.262328899811087e-3,4.533228424291388e-3,0.4243995078421419,3.568710755092612e-3,1.9812752405069658e-2,1.3939471137852017e-3,0.21556130984540622,2.405871049227201e-2,0.3024095042221299]
[1.6117905131632383e-3,1.7387164396081266e-3,6.946259750468972e-2,1.475431958333686e-3,7.075905493240146e-3,5.921972400082852e-4,0.8087004947081258,7.762329616535e-3,0.10158053652629595]
[1.936123623739762e-3,2.1018639011461324e-3,0.5980532097554397,1.6549154965110329e-3,9.645801454449019e-3,6.492912919178288e-4,0.12433208658953906,1.0718099875365946e-2,0.2509086080118915]
[1.0255091160498867e-3,1.111488093901783e-3,3.430097895638017e-2,9.13607526815557e-4,4.227594876804272e-3,3.6611390787303445e-4,0.878711426268483,4.214849103209849e-3,7.512843215048268e-2]
[5.212985283890729e-3,5.723965853915403e-3,9.387757614542315e-2,4.9848129041709065e-3,2.012262266502901e-2,2.057505649876187e-3,0.6933813026983816,1.9260781243739308e-2,0.15537844755557365]
[2.2348930658030175e-3,2.4174848646249373e-3,0.18155486648050187,1.984359177156162e-3,1.0494413554717336e-2,7.833758089393054e-4,0.560115551788057,1.1426787265658036e-2,0.2289882679945423]
[3.7678616787630544e-3,4.131248605800579e-3,8.237127636642434e-2,3.7634157370223915e-3,1.610401492256986e-2,1.5478145917584187e-3,0.764088345943388,1.666270336519169e-2,0.10756331878908164]
[4.479619895044985e-3,4.8260867686677235e-3,9.115144375171555e-2,4.170710107889559e-3,1.7557030664176486e-2,1.6821868129226775e-3,0.7159469639296835,1.7864585324444304e-2,0.14232137274545514]
[1.822575449647199e-3,1.9612791921741293e-3,6.178833831806778e-2,1.6856326251393381e-3,8.049176033451805e-3,6.758957912828976e-4,0.8329194238741217,8.360752471757766e-3,8.273692624435751e-2]
[8.294741732007309e-3,9.095961092157658e-3,0.11114464338457791,7.903123057518694e-3,2.9705025506566462e-2,3.2331726371097745e-3,0.6187338815434383,2.6868274072994996e-2,0.18502117697362902]
[3.5634194333287327e-3,3.9323826435768835e-3,9.497446250888669e-2,3.6065738247052425e-3,1.6659005665854782e-2,1.467283285906195e-3,0.7527321645792212,1.7533760837846003e-2,0.10553094722067408]
[3.1015829629805923e-3,3.3507795034790713e-3,0.5649075490291043,2.7444375698569335e-3,1.662888495182509e-2,1.0585864957367382e-3,0.20327495061418782,1.9603862481244037e-2,0.18532936639158543]
[1.6342708209698232e-2,1.7513498921711813e-2,0.3275880045389695,1.4374582694786104e-2,0.10400757612235084,5.690430721885245e-3,0.11190068454318337,0.26281766025285197,0.13976485399456295]
[2.0828901014424595e-3,2.2955458701129474e-3,6.04232398826822e-2,2.048639336433818e-3,9.663500663693066e-3,8.215294724875837e-4,0.8386362720477172,9.620801861556378e-3,7.44075807638744e-2]
[9.692052803163799e-3,1.0213532640805496e-2,6.149372726982735e-2,1.0909383769969635e-2,4.961233334430387e-2,4.78514106260178e-3,3.9471455393968666e-2,0.7754928862054857,3.8329487509873646e-2]
[9.692052803163799e-3,1.0213532640805496e-2,6.149372726982735e-2,1.0909383769969635e-2,4.961233334430387e-2,4.78514106260178e-3,3.9471455393968666e-2,0.7754928862054857,3.8329487509873646e-2]
[4.119372130393524e-3,4.489415255737783e-3,0.1049579848811051,4.1790391288192555e-3,1.9235771487386633e-2,1.681556508122661e-3,0.7313474623696652,2.087971127119938e-2,0.1091096869675705]
[4.098801209105382e-3,4.471130435575333e-3,7.801073158872461e-2,3.985471585118329e-3,1.7018969392023003e-2,1.5926036836893462e-3,0.764768160679831,1.6249324164104746e-2,0.10980480726182826]
[3.2004410563183003e-3,3.503488408006672e-3,0.4467556276393602,2.8559151236515136e-3,1.7616473495020383e-2,1.087466039048165e-3,0.291892178847168,1.8046241328156916e-2,0.21504216806326984]
[2.9281423213439067e-3,3.17262303015872e-3,2.2928091716760225e-2,3.6593488836984874e-3,1.795897765100015e-2,1.617600516332368e-3,1.515840527097248e-2,0.9190039612973715,1.357284931236241e-2]
[5.220983029496189e-3,5.72616027656063e-3,0.12686569578679105,5.317259060786181e-3,2.512173042344086e-2,2.1230369547201584e-3,0.6748596826937975,2.5578011755905468e-2,0.12918744001850202]
[1.2301000473595483e-2,1.364319258584184e-2,0.3736957415450047,1.2431315373136388e-2,9.89510710589865e-2,4.852379705759686e-3,0.1296572277275215,0.22163090429605428,0.1328371672340995]
[5.935867497539763e-3,6.52872201636039e-3,0.3985985023301155,5.811926640876377e-3,3.8424996682770066e-2,2.191150529120871e-3,0.3361892161251891,4.292683306042195e-2,0.16339278511760588]
[5.970390837323257e-3,6.471325880262776e-3,3.4957861096904554e-2,7.430551234959008e-3,3.565453483160777e-2,3.2360785607208585e-3,2.318261890409971e-2,0.8613705693040676,2.172606935005408e-2]
[1.5423408588448024e-2,1.7102355427844555e-2,0.11353198512326561,2.2401775773630176e-2,9.918773071451671e-2,1.0037092074563707e-2,9.24022924343735e-2,0.5580337819250055,7.187957793835223e-2]
[1.1553950811174715e-2,1.270651004065977e-2,0.4268182348612617,1.1172417169033359e-2,9.648479867298168e-2,4.208321505568058e-3,0.12783714773474558,0.17428506288528645,0.13493355631928883]
[1.1097876422884059e-2,1.2055177691097966e-2,6.269907422684828e-2,1.5455277477020178e-2,6.524767107299773e-2,6.925225417381298e-3,4.654761320139961e-2,0.7396378769580102,4.033420753236066e-2]
[1.1130193134352602e-2,1.2553020813288199e-2,0.37281290941159523,1.2259946915228848e-2,0.10118411680159221,4.564837881975506e-3,0.21355400851641382,0.12645321899971665,0.14548774752583696]
[1.75166133036361e-2,2.0006909850807143e-2,0.2674637238152857,1.742216470706291e-2,0.17404647420496652,5.583151273323696e-3,0.24083485323270454,8.810168638016462e-2,0.16902442323204878]
[1.6929499104604305e-2,1.962938574183887e-2,0.23732542348526278,1.8021295281206162e-2,0.15836730164633164,5.8206204995721305e-3,0.29922127928395514,7.601427048929196e-2,0.16867092446793694]
[1.8167473829716223e-2,2.1072857137919024e-2,0.22850063974325407,1.8493928206575687e-2,0.15507216058477072,5.890421360274139e-3,0.3037379636941621,7.144523092159868e-2,0.1776193245217293]
[3.3612018030026995e-2,3.890269884002877e-2,0.1599115461343737,3.8598957622711275e-2,0.1215717618218932,1.346294365592134e-2,0.3378803694437664,7.155567317932471e-2,0.18450403127195358]
[4.413540659078736e-3,4.68815140981243e-3,0.15596127612108163,3.8371738172678998e-3,1.784448853367848e-2,1.543575003795312e-3,0.5242514005717773,1.9174718299355756e-2,0.26828567558415234]
[9.649180552391218e-4,1.042832093983326e-3,3.851907529991003e-2,8.651519719164983e-4,4.09192157499425e-3,3.4771433725138594e-4,0.8738226481341584,4.212896707666312e-3,7.613284182488055e-2]
[7.245389702559837e-3,7.486759617852228e-3,0.2413282826554228,5.501348665811237e-3,2.430876917698755e-2,2.2816024708013204e-3,0.18180959116028292,3.073112088226345e-2,0.4993071356680186]
[3.855751965669335e-3,4.056505523071295e-3,0.3797178737035176,3.135799833525423e-3,1.5911498814964533e-2,1.2738141115920146e-3,0.15714350872551197,2.1129925635155936e-2,0.4137753216869919]
[9.98256746275288e-3,1.0722745357761162e-2,0.4449128267704319,8.997679428179814e-3,5.6434091762880986e-2,3.529908187771145e-3,0.175983216310923,0.1086748844841661,0.18076208023513293]
[2.455229839852726e-2,2.460828973010155e-2,0.27172980721580337,1.915047519311866e-2,0.1160793168162776,7.899689871477171e-3,0.1256924010162433,0.2577356800550212,0.1525520417034299]
[5.655569679224271e-3,6.149828733815571e-3,6.105815942721981e-2,6.8133431500465285e-3,3.623038616292384e-2,2.998241787490759e-3,3.7925920508601815e-2,0.8097330605324837,3.3435490018193854e-2]
[1.1436512551063713e-2,1.228385955669813e-2,6.315625341260159e-2,1.3281403320446897e-2,5.9729556224591744e-2,5.963943443562e-3,4.040748360474566e-2,0.7537157380615164,4.0025249824774005e-2]
[7.046111825046281e-3,7.741370137872514e-3,7.833874414864257e-2,8.734262131209506e-3,5.046277729829129e-2,3.6832579747205396e-3,5.1172803058718554e-2,0.7503461743846144,4.247449904088431e-2]
[7.728130001484289e-3,8.553795861752577e-3,9.665374631965667e-2,8.654337144150257e-3,6.262937117541115e-2,3.4457012228555134e-3,5.2085720079091236e-2,0.7120689859007678,4.8180212294830584e-2]
[1.7344865035766276e-2,1.9352824115938045e-2,0.1573698611258402,2.467274256930026e-2,0.12132902864452018,1.0524790776588286e-2,0.13765534034300206,0.41438012466902946,9.737042272001518e-2]
[1.795775165847128e-2,2.0055781039850284e-2,0.16476696720503237,2.5535678126480874e-2,0.12475713553124626,1.0811469619493464e-2,0.1491800669727626,0.383923138030406,0.10301201181625701]
[1.6325075805690058e-2,1.8272406214040252e-2,0.15398371941092326,2.3015589774691217e-2,0.1239622883241676,9.543917386958164e-3,0.12925465794845772,0.43331039457294496,9.233195056212669e-2]
[1.6917649477208002e-2,1.900740193166712e-2,0.10541879721969705,2.615320596107263e-2,0.12097291891639167,1.1167957285989951e-2,8.622490059616363e-2,0.5463755754102436,6.776159320156634e-2]
[5.383393380634064e-2,5.36858524130067e-2,0.23226303870259712,3.1150901983516232e-2,0.11592426017294273,1.3461715283545467e-2,0.14168963634707304,0.14489595946768577,0.2130947018232923]
[1.3063281645316706e-2,1.3698786294208695e-2,0.43285143760038786,1.0911820452498135e-2,5.710733099654192e-2,4.69151528233711e-3,0.13585576273149874,0.12352770663699231,0.20829235836021862]
[6.491773534127535e-3,6.828395460680679e-3,0.12838618132226584,4.806203810939526e-3,1.9302601888819694e-2,1.9968005887084825e-3,0.1863896629299255,1.9190409057610883e-2,0.6266079714069218]
[4.380805665588264e-3,4.6248253410861246e-3,0.1351005034981958,3.1649033919997293e-3,1.438832566773492e-2,1.2873226936251836e-3,0.10224314103575143,1.4802164490264518e-2,0.7200080082157541]
[6.089796894829403e-3,6.451037457556409e-3,0.1222740744719194,4.6164807477090146e-3,1.8614179719386507e-2,1.9091665787289084e-3,0.2095097785073548,1.8014237261928565e-2,0.6125212483605871]
[5.221913392444824e-3,5.539667557002298e-3,0.11444415611588156,4.022526184408709e-3,1.641767884880823e-2,1.6622808265725963e-3,0.2152409637919817,1.6159118241461882e-2,0.621291695041438]
[6.800724860969334e-3,7.202642825899272e-3,0.4056947566180556,5.145484761355596e-3,2.6556329553205804e-2,2.1073849247764246e-3,0.11745667253465099,3.226998666118825e-2,0.39676601725989874]
[2.395103308594993e-3,2.558028003994473e-3,8.918917548312376e-2,1.894485469128757e-3,8.496858028703341e-3,7.819700880575261e-4,0.11978895686737387,8.828326047595396e-3,0.7660670967034278]
[1.598410753275545e-2,1.6392759459987555e-2,0.3111046433875572,1.0758716876944565e-2,5.201171612112095e-2,4.25626654420925e-3,0.16511169539676102,6.030387744685271e-2,0.3640762172338113]
[9.528666439372623e-3,1.039369519648148e-2,0.17166244246205678,7.4642802782111575e-3,3.074205787953864e-2,3.098725584853071e-3,0.24772815645554128,2.7764641915650926e-2,0.4916173337882941]
[1.3771199920138998e-2,1.520819575606762e-2,0.21698820272960676,1.0707937540430977e-2,4.493974597551195e-2,4.4567130140663195e-3,0.23006875329224596,3.9871009556056464e-2,0.4239882422158749]
[7.273905530250553e-3,7.622406791951393e-3,0.13927008923837492,5.203049385472335e-3,2.185582593082282e-2,2.0909704454247723e-3,0.18564356241856114,2.0636074026027438e-2,0.6104041162331146]
[3.901454482149164e-3,4.084878999717393e-3,0.23857631909762309,2.994191603356011e-3,1.4779630149298308e-2,1.2029308219401397e-3,0.124240198315325,1.7049929968880554e-2,0.5931704665617104]
[1.5952660345131305e-3,1.7071248230610201e-3,6.045081977496967e-2,1.2418384456679913e-3,5.718073539076282e-3,5.036170255816957e-4,7.534790257880596e-2,5.654217399995685e-3,0.8477811403783285]
[5.637239108821992e-2,5.745563158503514e-2,0.22654132767111798,2.9918096561673158e-2,0.10794407943306931,1.2186779808537858e-2,0.15869731854955774,9.18395984258561e-2,0.25904477687693284]
[2.772871081622528e-3,2.970519208022929e-3,0.28350614312339906,2.170398149018984e-3,1.1548889604708235e-2,8.673519678628757e-4,9.617224429856072e-2,1.3238632055634933e-2,0.5867529505111697]
[7.592222851509774e-3,8.060536309255174e-3,0.15131542332940245,5.617887222564066e-3,2.423007989101241e-2,2.2411006576302586e-3,0.23503186820988833,2.308751102905067e-2,0.5428233704996869]
[3.6534381322901074e-3,3.894669920598371e-3,0.25057818169710927,2.749312394895994e-3,1.4434702808580667e-2,1.091917351681982e-3,9.2395071699754e-2,1.5135562081816588e-2,0.6160671439132731]
[1.6305572888086761e-3,1.7471108112115871e-3,6.605455885087141e-2,1.304933625968013e-3,6.047371780053138e-3,5.28185241889681e-4,0.11897679387134169,6.035557859001088e-3,0.7976749306708547]
[1.3445300062144014e-2,1.4779159809354698e-2,0.1555409683087067,1.1108318702318832e-2,4.0252369872292915e-2,4.643403945087109e-3,0.3711788102413615,3.4272060661048834e-2,0.35477960839768524]
[1.0193652130747681e-2,1.1086811581786784e-2,0.36115471828306617,1.1021917965848801e-2,5.8485064864091156e-2,4.700329815490068e-3,0.2568237999918791,0.1170742365350119,0.16945946883207844]
[3.6493606565631536e-3,3.951568956495962e-3,0.10487749289516575,3.0480869314222082e-3,1.3897581434228378e-2,1.2167419944064714e-3,0.5008384204014609,1.3111593204055505e-2,0.3554091535262017]
[1.1527257534399673e-2,1.268301024723034e-2,0.19372771871041314,9.362382594431964e-3,4.337107501632201e-2,3.624537484914629e-3,0.35781131164638025,3.827869685671133e-2,0.3296140099091967]
[5.283626409706797e-3,5.709048058698054e-3,0.15752077123311106,4.056991144772707e-3,2.028132941128034e-2,1.5532228269011746e-3,0.24523487135333655,1.786429536372499e-2,0.5424958441984683]
[7.721901547659855e-3,8.404407306568116e-3,0.11624142295321632,6.534405478623667e-3,2.6004555616829836e-2,2.6081435020828174e-3,0.5208859976967678,2.1737431354564102e-2,0.2898617345436875]
[3.974432366873725e-3,4.3577397003867e-3,0.7350583073172173,3.5252946085456345e-3,2.518734392853835e-2,1.3643265891917819e-3,8.265044143935321e-2,3.2999852544595684e-2,0.11088226150529759]
[1.1091523329641476e-2,1.2171972029711932e-2,0.3379267620465486,1.254272720698153e-2,7.329959656272773e-2,5.150705549945332e-3,0.24780531732072722,0.14688833433190726,0.153123061621809]
[2.1699855086541917e-2,2.4046724114778973e-2,0.15673043032389905,2.4317897511466822e-2,7.512617587778572e-2,1.0003545651690789e-2,0.43364851389927883,6.263054714762946e-2,0.19179631038692843]
[1.7311168604001673e-2,1.9959455722771226e-2,0.16464404524761672,1.5628823256530498e-2,6.907605042057603e-2,5.600106867310199e-3,0.4204385086854115,4.0358996019502366e-2,0.24698284517627983]
[1.1351865032479562e-2,1.2781865487039041e-2,0.21011516239438835,1.0672969670403144e-2,7.017311699178719e-2,3.6969448171173002e-3,0.44174223242768906,4.116968085308512e-2,0.19829616232601124]
[1.8041753506285733e-2,2.0512209705022648e-2,0.1658128967000961,1.740939241545721e-2,8.382220994930202e-2,6.018198693410524e-3,0.440604236789733,4.740409110537468e-2,0.2003750111353181]
[2.7468412540851247e-2,3.3067396978523594e-2,0.17903414715752802,3.5289176566188386e-2,0.1567573200233538,1.2148002664262292e-2,0.305096435689461,7.988475749759695e-2,0.1712543508822347]
[3.9254120434676666e-2,4.447272738004385e-2,0.16059431088874265,5.1672337575427704e-2,0.14599176438320768,1.807754243148578e-2,0.27897738364466296,9.790928861861194e-2,0.16305052464314077]
[5.094412441078125e-2,5.752651507781439e-2,0.1077888624239159,0.10520706849271633,0.17604473154301434,6.30012304136536e-2,9.230647031510798e-2,0.26328319401796246,8.389780330503378e-2]
[3.896013012369378e-2,4.590871621538445e-2,0.10316443083371701,7.426068690718439e-2,0.23518963668936185,2.9954465931657338e-2,8.240125583251813e-2,0.3156710836853823,7.448959378110073e-2]
[4.075921693605572e-2,5.081266951095419e-2,3.824629815604084e-2,0.1897375300061457,6.240255464356286e-2,0.4990027767235194,4.019388316539321e-2,4.3312021919220546e-2,3.55330489391074e-2]
[8.881640132729596e-2,9.292112202466322e-2,7.842205236749884e-2,0.15635910200582118,0.107977636110422,0.23440046924474028,7.864719978719144e-2,8.94092090833016e-2,7.304680804906542e-2]
[5.162315571914908e-2,5.841344269291958e-2,5.0673948900268516e-2,0.12618432677754943,7.156090667958494e-2,0.4808569402534922,5.026460973068674e-2,6.390262684827706e-2,4.652004239807241e-2]
[6.755059802307123e-2,9.263653026562656e-2,3.7056551311690375e-2,0.5453515592904966,8.820166780723712e-2,5.413239116963608e-2,3.5955433877442475e-2,4.605411624351067e-2,3.306115201128891e-2]
[0.1051241697062247,0.13273931931203303,5.79120775669131e-2,0.3527988843831135,0.1071435793145709,6.702442389020441e-2,6.241596882050897e-2,5.946987837944635e-2,5.5371698626985016e-2]
[1.6768115764975135e-2,1.9529292226473417e-2,1.5974756739201647e-2,5.6638171317495205e-2,2.3176584939874054e-2,0.8173860854258458,1.6948784838670735e-2,1.8558543532653154e-2,1.5019665214810726e-2]
[1.8857998677476645e-2,2.1800835902775362e-2,1.8261451002991994e-2,5.928962098426467e-2,2.5964354463318424e-2,0.7980933998946507,1.9325955663632186e-2,2.1220927882171666e-2,1.718545552871846e-2]
[1.76677371398947e-2,2.0809717394320335e-2,1.6031311843390565e-2,7.170690038858736e-2,2.576332395747382e-2,0.7967664951183504,1.6260903810803945e-2,2.0374292708217476e-2,1.4619317638961344e-2]
[5.2788710744412146e-3,5.532338970897272e-3,0.4862963407146002,4.274096532593816e-3,2.1288353216529474e-2,1.796072336425663e-3,0.12729198015190343,3.3444732343987746e-2,0.3147972146586211]
[6.368817955987119e-3,6.737132285611328e-3,0.4387888448692481,5.79923712850395e-3,2.7200981885355215e-2,2.545794698330736e-3,0.2107728503488456,4.982652136454787e-2,0.2519598194635701]
[5.752546489807702e-3,6.070543177333503e-3,0.5424291723241895,4.79465160543924e-3,2.4299834921066524e-2,2.0424734249020835e-3,0.12293437965432312,4.241437588821439e-2,0.24926202251472382]
[5.842946764220283e-3,6.215128014795427e-3,0.5089882318471614,5.016503510932693e-3,2.499231323919858e-2,2.1596899845883937e-3,0.1428735362825962,4.1738870481168776e-2,0.26217277987533827]
[1.847434455038952e-2,1.9557974744392748e-2,0.35157249962131004,1.3171482195719677e-2,6.426899468276483e-2,5.511443217900106e-3,0.14527561093339106,7.978720033444107e-2,0.3023804497196909]
[5.661357205643961e-3,6.003134976670648e-3,0.3065191535315456,4.365857613390127e-3,2.141509958653621e-2,1.8035649128130878e-3,0.13012142750185088,2.5189432832068395e-2,0.4989209718394811]
[7.98121025204435e-3,8.370011163374266e-3,0.3828614744318332,5.811351974547579e-3,2.980240534830521e-2,2.359439116936294e-3,0.11982060184830513,3.5688141606648405e-2,0.40730536425800545]
[3.250099486671737e-3,3.4718189629172553e-3,0.6732237962438068,2.846660071877602e-3,1.5300644437153245e-2,1.188846769412157e-3,0.10402669779677996,2.4675226576739213e-2,0.17201620965464196]
[4.785057323079117e-3,5.142989975972192e-3,0.12121925902750924,3.7786116186857245e-3,1.6193004001386624e-2,1.5544089105334123e-3,0.22226325234004946,1.5566313235440653e-2,0.6094971035673437]
[4.987939357359792e-4,5.318254760695876e-4,2.7932817045598888e-2,3.854999202874575e-4,1.8812064607754886e-3,1.5500261544317717e-4,2.2265893045217637e-2,1.977320485123597e-3,0.9443716410157481]
[7.962577671694388e-3,8.534289461412835e-3,0.3175435944503591,5.743670560314462e-3,3.0067383796528548e-2,2.286074624003181e-3,0.12375940475881951,3.0523857017584928e-2,0.4735791476592831]
[3.638525450815446e-3,3.882424977198977e-3,0.4379114792055379,3.2669446308137297e-3,1.7062930772420288e-2,1.3335819851198899e-3,0.27278421960572347,2.4589730114089815e-2,0.23553016325828044]
[5.124794335360518e-3,5.63317883396902e-3,0.37729530650336934,4.7631018439469736e-3,2.5104734186749626e-2,1.9680673397083244e-3,0.288295918259807,3.0825242335200807e-2,0.26098965636188837]
[2.9917544269756706e-3,3.2438977477869855e-3,0.21149731245170733,2.8279491824750864e-3,1.4468384662952308e-2,1.153720633449993e-3,0.5774131535501316,1.8143045116935888e-2,0.16826078222758514]
[1.4363489298651928e-2,1.8319960755814126e-2,4.39845873204381e-2,2.1561038214714293e-2,0.767270031935842,5.478108678972089e-3,3.3911151636997164e-2,6.470878863707281e-2,3.0402843521497414e-2]
[1.2400904883444669e-2,1.6003937101092783e-2,3.3136613489544296e-2,1.5147130973601038e-2,0.8368966726562533,3.6376280950827953e-3,2.7289716840118553e-2,3.102791142228331e-2,2.4459484538579115e-2]
[6.445224825942511e-2,9.290404745510138e-2,7.017612396650856e-2,0.18760302747207044,0.3375781835482193,3.1013666101873574e-2,6.152818015422705e-2,9.807891314461373e-2,5.6665609897960836e-2]
[5.249938651092619e-2,7.501100349066268e-2,4.788235274466336e-2,0.46902006638720073,0.16459715105994563,4.0458481644900644e-2,4.564862700028736e-2,6.442837151071959e-2,4.045455965069381e-2]
[5.927896386022854e-2,7.314877265422152e-2,4.866680393751596e-2,0.2715200111435208,8.962276935455936e-2,0.3024911789787115,4.717337063315131e-2,6.47467923430849e-2,4.335133709500614e-2]
[7.593763820133763e-3,7.881222931343907e-3,0.4223908334109444,6.202849925974618e-3,2.8604648364731824e-2,2.6966744685986217e-3,0.15563725953263252,5.0009919058647496e-2,0.31898282848699294]
[1.686584716920786e-2,1.7797405542355472e-2,0.382628048461995,1.359009025680903e-2,6.80687462133696e-2,5.917311682376606e-3,0.1393702479012872,0.13072368686607047,0.22503861590652877]
[5.009208893019934e-3,5.230420702222652e-3,0.284403308465955,4.006835635407798e-3,1.8274652900764098e-2,1.6981837768750014e-3,0.16316829304779862,2.5888913237413033e-2,0.4923201833405438]
[6.424754412259573e-3,6.8412331218110165e-3,0.503239853565617,5.769470002616426e-3,2.9003935051887763e-2,2.4906228847131947e-3,0.16775371838274356,5.252880802030438e-2,0.22594760455804716]
[5.341441322675504e-3,5.632041595254288e-3,0.17388921228141704,4.752951153542423e-3,2.0032640830303216e-2,2.0206132640203578e-3,0.4821077834222222,2.6322018943022007e-2,0.27990129718754303]
[3.913434404145296e-3,4.206494706412006e-3,0.11404822422874557,3.194600317311417e-3,1.3649931843741175e-2,1.3291601102619205e-3,0.25859237147208375,1.3935867518730726e-2,0.5871299153985683]
[1.1169554883664409e-2,1.1868392026383203e-2,0.1427518936861879,8.660449593253391e-3,3.1307209112808244e-2,3.620216987055631e-3,0.3378815644443693,2.8734172227017987e-2,0.42400654703925994]
[6.953194360081103e-3,7.464817907625941e-3,0.12836565948653328,5.4607070969443635e-3,2.1691234113806246e-2,2.264677864362814e-3,0.2849109683070358,2.0392725494990643e-2,0.5224960153686199]
[4.387562066218001e-3,4.7111452179121995e-3,0.3137983657692711,3.381590332933085e-3,1.7737881010161747e-2,1.3601475025959019e-3,0.1071259714988742,1.913917529706336e-2,0.5283581613049704]
[4.429784852463636e-3,4.6401758117113456e-3,0.32797457814241154,3.8030615272225073e-3,1.903734660995915e-2,1.5500526215620938e-3,0.31305842066660755,2.5439086011987248e-2,0.3000674937560749]
[4.123005721476634e-3,4.4179892430479505e-3,0.11492252575755658,3.45903875783767e-3,1.511476349650516e-2,1.4123235676224252e-3,0.4630357921618504,1.4705183220675051e-2,0.3788093780734282]
[5.173925429282763e-3,5.684535916879639e-3,0.18359822730037287,4.171619623441863e-3,2.029975227254126e-2,1.674224045292995e-3,0.19662114139407066,1.8609997468615535e-2,0.5641665765495024]
[7.138537643502013e-3,7.948471461648357e-3,0.18404273405395763,7.048204079354105e-3,4.1490253550804344e-2,2.576115447502414e-3,0.5559386173396867,3.327757937531112e-2,0.1605394870482333]
[6.513772905947037e-3,7.068475514898898e-3,0.30571893068988243,6.455205209970688e-3,3.226150531965619e-2,2.7048832594874666e-3,0.3929469865966139,4.4598257627378256e-2,0.20173198287616514]
[1.0660659227861335e-2,1.1322515849355359e-2,0.41565584811392897,9.062197276624528e-3,5.1580818915907184e-2,3.5914762137274838e-3,0.18815945513523982,8.783630703258305e-2,0.22213072223477237]
[1.975372199322344e-3,2.114349508728465e-3,0.5696881166892834,1.6200612611099688e-3,9.102531368975e-3,6.412789885042273e-4,9.126086113114308e-2,1.0850821409483574e-2,0.31274660744344995]
[2.0005529719016525e-3,2.1625333049881683e-3,0.5579770300752248,1.7163747755165612e-3,9.639723187782449e-3,6.823614285843976e-4,0.13994418323058957,1.1551886356058255e-2,0.2743253546693541]
[1.2211833774749773e-2,1.3327500741935132e-2,0.16322611455404026,1.240177905580947e-2,4.510297434629399e-2,5.4098201112886815e-3,0.4898115843977157,4.574858976933524e-2,0.21275980324883167]
[5.985064342217247e-3,6.641674931005522e-3,0.3978445167587404,5.030326356578801e-3,2.916060049946809e-2,1.980039576633306e-3,0.17766616371137575,2.816117199405121e-2,0.34753044182992976]
[1.2582817074724832e-2,1.3405545595949895e-2,7.700020370318847e-2,1.3490638625665036e-2,6.265909517395378e-2,5.9914955386348515e-3,4.675855717212269e-2,0.7199797382783535,4.813190883740695e-2]
[1.8663591341609664e-2,1.9595993087864992e-2,0.2694957537922238,1.7865110900570205e-2,8.707414524337101e-2,7.147784779942372e-3,0.22596995328530065,0.1694330858459893,0.18475458172312803]
[3.4319170435914556e-3,3.6471584879765873e-3,0.541070120837708,2.755000933630374e-3,1.614125824606375e-2,1.0634440827937944e-3,0.12092816124226526,1.8123956669324162e-2,0.29283898245664675]
[5.423542670283839e-3,5.967524153318464e-3,0.2882224456535142,5.50733685573906e-3,2.962738399510623e-2,2.240161840301867e-3,0.45576245650343356,3.753128000833714e-2,0.16971786831996571]
[2.0820978960177775e-3,2.26992827717836e-3,9.003198578989632e-2,1.889602382401232e-3,9.927956319385445e-3,7.293258308069124e-4,0.7682257004919383,9.75694904535515e-3,0.11508645396702043]
[3.1093848967240155e-3,3.395412767261036e-3,0.714259443531133,2.7538250823318654e-3,1.918075188585402e-2,1.035549368615368e-3,0.11275961700148078,2.20758988587063e-2,0.12143011660789357]
[4.301337455291611e-3,4.596236466457357e-3,2.9608369016380504e-2,5.066735725204867e-3,2.4826639515184434e-2,2.186990380784268e-3,1.90557350545361e-2,0.8924565048850822,1.7901451501078563e-2]
[1.0990840699732543e-2,1.2234609642307648e-2,0.48384607578959654,1.0156252088094803e-2,8.222551823356475e-2,3.8841563251264476e-3,0.12628869837363632,0.1174720292552468,0.15290181959269417]
[1.3740393287926247e-2,1.5455593663945947e-2,0.41665147467178715,1.2789011696285053e-2,0.10583509370230947,4.872140229349023e-3,0.1350361168876864,0.13435851229661172,0.16126166356409904]
[1.1548738421720732e-2,1.3121584050444396e-2,0.42436900672144395,1.169769106859143e-2,0.10285615994084067,4.378826662593156e-3,0.15865393885052165,0.12249374412467567,0.1508803101591683]
[1.5300831598097525e-2,1.5933270494615723e-2,0.31964802396332986,1.4189850351295654e-2,8.49503019822447e-2,5.559268294553651e-3,0.1876615352536533,0.19118564556783493,0.16557127249437464]
[1.693612316924513e-2,1.791090817990631e-2,0.12575387626099485,1.686129116767383e-2,8.556194292865012e-2,7.362960062541624e-3,6.902859620309432e-2,0.5856353113707511,7.494899065714265e-2]
[0.12280077064421276,0.11131280664201916,0.14728400711800826,6.594478231570755e-2,0.1261965898180256,3.5687026732508856e-2,0.12768400111132547,0.11479994771183843,0.14829006790635388]
[4.9559022296664756e-2,7.020397251793623e-2,0.10093020551530292,0.11855809411892819,0.3489221475064188,2.4929232611979366e-2,0.11240577122321804,8.685754604448845e-2,8.763400816506328e-2]
[5.6489703187460924e-2,7.154061065326797e-2,9.32277349702089e-2,0.22501968530693853,0.15900142439973936,0.10145091749520008,0.1084343097154366,9.979215616531861e-2,8.504345810642906e-2]
[6.189277342693766e-2,7.670396558528053e-2,9.064100436090976e-2,0.2174642854002101,0.13377788755762177,0.13449468357145275,0.10840686987887634,9.025881831961281e-2,8.635971189909822e-2]
[5.0618308154356265e-2,7.225934225287665e-2,3.407455691993227e-2,0.6026026424135925,6.712249151370721e-2,6.909010177504722e-2,3.732786747640557e-2,3.451451997575794e-2,3.239016951832443e-2]
[0.11084992364593269,0.17657757374922306,5.9862379531240226e-2,0.3124732569745615,0.11776797059767839,4.568150105121066e-2,6.701804782164436e-2,5.047040970869014e-2,5.929893691981894e-2]
[1.2581583893957565e-2,1.970910850765531e-2,7.461695827284397e-3,0.9082454219579871,1.770023666040548e-2,1.1722909259287312e-2,7.73555742164646e-3,7.963885046429262e-3,6.879601425347229e-3]
[3.9096918876338725e-2,5.373127166442071e-2,2.7728220996906652e-2,0.6413685442356798,6.09293974564229e-2,9.059662412435421e-2,2.7589569380856327e-2,3.410570866042681e-2,2.485374460459391e-2]
[0.1213404494466373,0.12581884547572889,0.12073341110747732,0.10345181150326133,0.12498226378415604,6.349342616042905e-2,0.11737998367018541,0.10084161068177802,0.12195819817034666]
[0.12189084755411052,0.1263698036493308,0.12075827526367354,0.10322539625401089,0.12463555998530348,6.284797921483551e-2,0.1178581808987579,0.10000924335557912,0.12240471382439826]
[4.278794463641577e-2,5.687730723319637e-2,3.1714105293962416e-2,0.5665712533616867,6.649452120938863e-2,0.13589165459259323,3.170365459276658e-2,3.9498799883376505e-2,2.8460759196613814e-2]
[6.321229657051312e-2,8.946524513867155e-2,0.10317015785805873,0.10055852265113217,0.3437405000829561,2.3383919241355824e-2,0.10297458920894909,8.35389188531954e-2,8.995585039516804e-2]
[3.119724045038016e-2,4.613076538324203e-2,2.154507927844649e-2,0.7543222858588752,4.9382909275493755e-2,3.1478598680757294e-2,2.3165285689903625e-2,2.2786281911564902e-2,1.999155347133662e-2]
[1.8446513304418505e-2,2.375953859848038e-2,5.824435033561238e-2,2.0699313901876102e-2,0.718216377313412,5.375011926315053e-3,4.367066733173736e-2,7.057491675337155e-2,4.1013310534776574e-2]
[2.824531541110266e-2,3.519446556563605e-2,9.025933476700158e-2,3.8576640983210043e-2,0.541367637879518,9.72060794145184e-3,7.988447391765625e-2,0.11050252951173015,6.624899402269337e-2]
[4.6137281515434156e-2,5.896154574385361e-2,0.10158984437273186,3.720147099797355e-2,0.49017004918600643,9.831166078195269e-3,7.265085079744324e-2,0.10714987697081817,7.630791433754361e-2]
[3.571842525990674e-2,4.784606433336927e-2,8.565475280451913e-2,3.203387918128267e-2,0.5815195293465756,7.89370170399992e-3,6.819649033846736e-2,7.450902310640124e-2,6.662813392547812e-2]
[0.1532643589243825,0.15435943152965892,0.12829899750026724,5.827646247562951e-2,0.12460921877084981,1.984153754014189e-2,0.13618559969211258,7.531468506646709e-2,0.14984970850049045]
[0.14288306974988108,0.2532505880436427,6.178419608925595e-2,0.14273694035669293,0.1965896265982284,2.4686787391787635e-2,5.4491272077208434e-2,6.95064749725285e-2,5.4071044720774425e-2]
[8.397803508801399e-2,0.1605074115381486,3.5850782323080296e-2,0.4829147639229572,9.46836162147515e-2,3.5325644707176654e-2,3.495649422632455e-2,3.912911085064443e-2,3.265414112890283e-2]
[9.92771227659246e-2,0.12758553754993862,5.038915473224689e-2,0.40031932771302636,0.10783386829930473,5.9387215256545646e-2,5.027846348830941e-2,5.889699471875913e-2,4.603231547594458e-2]
[0.20136086380139473,0.17348407821135808,9.98907580591865e-2,8.86421164704539e-2,0.10940421175884595,4.0877258357203364e-2,9.681539574223301e-2,8.64569266793365e-2,0.10306839091998794]
[9.552185260066545e-2,8.325993040480649e-2,0.17581961496750625,4.6075566177424754e-2,0.10341634915024386,2.242168880260518e-2,0.16642794002364036,9.513262093530812e-2,0.21192443693779947]
[0.10364106032700611,8.963111975641204e-2,0.17380229412350387,4.973114664980764e-2,0.11709443134767891,2.467721788918432e-2,0.1441918877568631,0.11425127815338272,0.18297956399616133]
[6.748986227327779e-3,7.424596191010938e-3,0.5918147026541779,6.4116608554088735e-3,5.19305860313975e-2,2.3897237559019017e-3,0.13519372154642503,6.856191398808335e-2,0.1295241087502668]
[7.715581151614265e-2,9.119756765081465e-2,0.12106318996652968,8.260555655594867e-2,0.2304656254679132,3.1976262565043746e-2,8.978360480338166e-2,0.18035626888122724,9.539611259299859e-2]
[0.14897370263762538,0.12396141143753539,0.11843200284087176,7.424829527568745e-2,0.16638339001713282,3.1302852093383994e-2,9.124538603217253e-2,0.14412071917839792,0.10133224048719286]
[0.1330139102983721,0.142951326176666,0.11874187559387527,5.015742148096688e-2,0.242478158611171,1.3122695518557858e-2,0.11187393384006707,7.215033224781708e-2,0.11551034623250683]
[0.18010646021307875,0.7381482604700155,1.07171231527004e-2,1.6829317359646212e-2,2.0478613192167056e-2,4.042977381665523e-3,1.018752931204525e-2,8.927809711106708e-3,1.0561909207574646e-2]
[9.729842182866343e-2,0.7879983197212412,1.4130519835705567e-2,2.726613024727971e-2,2.782163672175201e-2,5.942314632567735e-3,1.4074069013409877e-2,1.1324758175812038e-2,1.4143829823568314e-2]
[0.9416781825931865,3.595568792708118e-2,3.088721178527212e-3,4.139871678872885e-3,5.4341712838380995e-3,1.1466486655190987e-3,2.9145408245478464e-3,2.612491165067377e-3,3.029684683359729e-3]
[0.9622136260499394,2.3769189069983154e-2,1.935851770071011e-3,2.6346556313801097e-3,3.341435786766139e-3,7.192758224005671e-4,1.8705297056629462e-3,1.5898891654380278e-3,1.9255469983586048e-3]
[8.516067216722771e-2,0.8335350079214938,9.891647957522204e-3,1.9625249663166554e-2,1.9933355819720586e-2,4.178273610803166e-3,9.849801991631706e-3,7.969974798908848e-3,9.8560160695254e-3]
[0.16082234710625715,0.6369193964950373,2.2233688586103046e-2,5.769576478284517e-2,4.889674248199431e-2,1.0706937394736334e-2,2.2339514051528578e-2,1.8615759697557407e-2,2.176984940394066e-2]
[8.735736222345401e-2,0.8691044673736926,5.463944735318141e-3,9.703561624565179e-3,1.1001180391029016e-2,2.169550393254391e-3,5.237565633857799e-3,4.60771626771522e-3,5.354651357113673e-3]
[3.397887539891282e-2,0.9385548975421003,3.3343680731812977e-3,6.481588484279744e-3,6.988299306990468e-3,1.391803828631701e-3,3.219236280335743e-3,2.787128662950189e-3,3.2638024226178527e-3]
[0.17540928296909883,0.7107998729848137,1.4797207282677196e-2,2.3512933696485817e-2,2.894350306763032e-2,5.682343879677286e-3,1.3795396788117214e-2,1.265176013690701e-2,1.4407699194592562e-2]
[0.3899164076648206,0.4291545157465984,2.5659479483152746e-2,3.2559951820009446e-2,4.293325120165547e-2,8.908253715830134e-3,2.4321481470351642e-2,2.0805867372820232e-2,2.574079152476135e-2]
[0.12705518832885165,0.14111317058709602,0.10270812041692592,0.14037529765958526,0.12050564222899221,6.023683718968899e-2,0.1216906390741329,7.55847077872969e-2,0.11073039672743015]
[0.3085672207189068,0.5185122852091437,2.42984345499797e-2,3.21410232296552e-2,4.045017651468146e-2,8.581568334090217e-3,2.3645456266668866e-2,1.9059889049249584e-2,2.474394612762462e-2]
[0.8997362799553069,5.605170726756681e-2,6.355077299414585e-3,7.6417454765222255e-3,1.0369944743872605e-2,2.2671712061436743e-3,6.012666902912808e-3,5.2551758164377845e-3,6.3102313318225845e-3]
[0.2717168660579913,0.6196002231418342,1.4414496022071954e-2,2.1901056598565966e-2,2.7087098099932903e-2,5.367054337329034e-3,1.3648543437898812e-2,1.2068495728326988e-2,1.419616657604904e-2]
[0.8525721914474536,8.558564912624617e-2,8.454749861677607e-3,1.1610597713323973e-2,1.5090011511779277e-2,3.1967618619173957e-3,7.899006832058589e-3,7.383278690387661e-3,8.207752955155823e-3]
[0.8534937518786154,9.447854146016887e-2,7.0159299345809055e-3,1.0064764572211792e-2,1.2785236435578254e-2,2.661042133970695e-3,6.59336972593238e-3,6.0757174610849285e-3,6.831646397856808e-3]
[0.29539924124790234,0.1728420140578297,8.916394136546378e-2,6.787262473691705e-2,9.878773822409352e-2,2.9446257838413183e-2,8.605556698586256e-2,6.714563792090943e-2,9.328697762260842e-2]
[0.11375967310701582,0.7290109076781172,1.74279908021246e-2,4.274099578400692e-2,3.993096892983662e-2,8.321846387457536e-3,1.6647062262800286e-2,1.5484037980395928e-2,1.6676517068245154e-2]
[0.22059181576075915,0.5585138372908208,2.6704395201731828e-2,5.171456287969327e-2,5.636226051379779e-2,1.1959407882633106e-2,2.5448158860682805e-2,2.2940024059549126e-2,2.576553755033206e-2]
[0.9036896618809118,5.6937637567905416e-2,5.560818159076003e-3,7.004118103957119e-3,9.409772312915884e-3,2.016325959878452e-3,5.218450339971313e-3,4.688665090103886e-3,5.474550585280222e-3]
[0.8486816657596412,9.047525380329831e-2,8.514831861934994e-3,1.1261599904449898e-2,1.4166736927834796e-2,3.145212412266727e-3,8.370266916780082e-3,6.806202530274158e-3,8.57822988351994e-3]
[0.7872956733820274,0.12650539032454744,1.1995095510331049e-2,1.6266140393423466e-2,1.984302803956397e-2,4.486352218855617e-3,1.1909579076341971e-2,9.56277150812028e-3,1.2135969546788845e-2]
[0.7699755690685373,0.14037811830700966,1.2186178536763513e-2,1.7544940610048188e-2,2.1097882841659157e-2,4.728201636842348e-3,1.2032203537470353e-2,9.854407074846864e-3,1.2202498386822637e-2]
[2.618046092502411e-3,1.4453374604611736e-3,8.509930470036747e-4,0.9950856234000327]
[2.1432222545480887e-2,1.1289256552594077e-2,6.548142954476321e-3,0.9607303779474485]
[1.6939615691100522e-2,9.228845884382305e-3,5.45849247366705e-3,0.9683730459508503]
[2.8783116566405864e-2,1.510645655180106e-2,8.752877730418001e-3,0.9473575491513749]
[4.279056778867302e-3,2.3855044160214253e-3,1.4123357281863422e-3,0.9919231030769249]
[5.4353233195863514e-2,3.054114861726109e-2,1.7691942624470974e-2,0.8974136755624044]
[1.734095183338135e-2,9.449524227072693e-3,5.563221748663979e-3,0.9676463021908822]
[4.1581103301475345e-4,2.2306647260358122e-4,1.2944264960770214e-4,0.9992316798447739]
[5.932452208287865e-2,3.154721765151738e-2,1.8515769851856205e-2,0.8906124904137478]
[1.5511001567029949e-2,8.13837657868127e-3,4.703663027851624e-3,0.9716469588264373]
[2.6673579552905172e-2,1.5053144764150544e-2,8.871875797957908e-3,0.9494013998849865]
[7.178345095218826e-3,3.7909523011434142e-3,2.1838889711912443e-3,0.9868468136324466]
[2.5616225254806342e-2,1.3591811342969846e-2,7.93591685881612e-3,0.9528560465434077]
[6.185653208512852e-2,3.484343258719273e-2,2.120162661523445e-2,0.8820984087124443]
[8.082607983863552e-2,5.0502608259149685e-2,3.153930092104456e-2,0.8371320109811704]
[0.11244685365686981,7.163447976299414e-2,4.4488424682234365e-2,0.7714302418979017]
[4.1820598596377934e-2,2.473584671573435e-2,1.4958928787059199e-2,0.9184846259008285]
[2.7355492448874518e-3,1.5035165996689713e-3,8.814662311206004e-4,0.9948794679243229]
[7.743795499557223e-2,4.398596582236261e-2,2.5553348843420885e-2,0.8530227303386444]
[1.7349553629143286e-2,9.767242696666269e-3,5.761103044890158e-3,0.9671221006293005]
[2.8707863238647695e-2,1.506705391603161e-2,8.531098320025405e-3,0.9476939845252952]
[1.304864238278848e-2,7.21906897955532e-3,4.2149415048303935e-3,0.9755173471328259]
[3.200559251461435e-2,1.880846282531027e-2,1.1621450350398861e-2,0.9375644943096766]
[2.0370658008828115e-2,1.025088530790112e-2,5.691677604519592e-3,0.963686779078751]
[3.1383538166317115e-2,1.5739364294811847e-2,8.768971204018544e-3,0.9441081263348526]
[2.4822649973413956e-2,1.258525841509732e-2,7.122209560275109e-3,0.9554698820512136]
[5.322233707950928e-3,2.777067098510836e-3,1.5784116054527251e-3,0.9903222875880855]
[5.854578479375097e-3,3.190730287371922e-3,1.8578075301556084e-3,0.9890968837030975]
[5.363520729068244e-3,2.936717541653635e-3,1.7209636150445737e-3,0.9899787981142336]
[1.8686778454410493e-2,9.688213627801054e-3,5.55330384835304e-3,0.9660717040694355]
[1.9753523123102898e-2,1.0121526765808356e-2,5.76761759421319e-3,0.9643573325168756]
[2.2914633188636797e-2,1.233215930768254e-2,7.085170529810541e-3,0.9576680369738702]
[4.79382443474349e-2,2.848885149624605e-2,1.7300519645635108e-2,0.9062723845106841]
[7.160331354551744e-2,4.411356943791017e-2,2.7220914505275137e-2,0.8570622025112972]
[1.3664031420955673e-2,7.120268412394794e-3,4.094161474361333e-3,0.9751215386922882]
[1.2301649938438354e-2,6.801351368680721e-3,4.046335455353252e-3,0.9768506632375278]
[2.9332848323128793e-2,1.6724498596390008e-2,9.978985667914659e-3,0.9439636674125664]
[7.1329250928305905e-3,3.99243074320582e-3,2.3766607172651466e-3,0.9864979834466985]
[5.058007996378565e-2,2.7460309761065466e-2,1.629991739805321e-2,0.9056596928770958]
[1.6063163085649316e-3,8.629414221288828e-4,5.00279137234331e-4,0.997030463132072]
[4.026000193706959e-3,2.2434041038772545e-3,1.3303261932874285e-3,0.9924002695091285]
[0.12220669928554305,6.465565393063058e-2,3.8022410626648115e-2,0.7751152361571781]
[3.9402952990407934e-2,2.1667202664805665e-2,1.2920801674548534e-2,0.9260090426702379]
[1.925588415246724e-2,1.011878055908176e-2,5.73676873049786e-3,0.9648885665579531]
[4.8571265354384226e-2,2.568295229099586e-2,1.4421703494601661e-2,0.9113240788600182]
[2.480279517760945e-2,1.3009013582070583e-2,7.527186347644251e-3,0.9546610048926757]
[1.9617336380299374e-2,1.0940816375947545e-2,6.414965803539878e-3,0.9630268814402133]
[2.2116787032974622e-2,1.1891268271422716e-2,6.9802638496038e-3,0.9590116808459987]
[1.912392116693623e-2,1.073730115577095e-2,6.322706981503933e-3,0.9638160706957889]
[2.4046062546859105e-3,1.2980405433969657e-3,7.584641973358053e-4,0.9955388890045814]
[0.17001431284791785,0.5710867160887182,0.2305704000941134,2.8328570969250552e-2]
[0.19487296859433825,0.7022548744350406,8.499106058725242e-2,1.7881096383368718e-2]
[0.12024202740752198,0.6313877832294541,0.22985431827212519,1.8515871090898722e-2]
[0.895718640280516,7.067708219436059e-2,1.8751477414066586e-2,1.4852800111056937e-2]
[0.13568412834764945,0.7870098909749652,6.603638950486448e-2,1.1269591172520842e-2]
[0.675391728367242,0.2699888674201973,3.9217567864375275e-2,1.5401836348185304e-2]
[0.12328148275255174,0.7838641557825641,8.015206903928618e-2,1.2702292425597983e-2]
[0.639003891428322,0.148232005782368,5.924159287400561e-2,0.1535225099153044]
[0.1926408314255978,0.688500684332714,0.10033282256769582,1.8525661673992277e-2]
[0.8592919012496446,8.935381543377086e-2,2.553310678661564e-2,2.5821176529968966e-2]
[0.6609025790748386,0.16024492386649322,6.347341724280113e-2,0.11537907981586706]
[0.6613772351170845,0.2775100762773444,4.227532822406897e-2,1.8837360381502164e-2]
[0.7587257667136631,0.16388266787548392,4.545920052994726e-2,3.193236488090565e-2]
[0.16016068092207755,0.7872478685416782,4.345594331008011e-2,9.135507226164151e-3]
[0.8501369737016723,9.046973971017232e-2,2.6261361604615337e-2,3.313192498354004e-2]
[0.2395620134393323,0.6062713001719211,0.12646352852411033,2.7703157864636282e-2]
[0.5642447409085646,0.3606856855602167,5.441192772003498e-2,2.0657645811183754e-2]
[0.9147731793987454,6.14712183088798e-2,1.3964407412831977e-2,9.791194879542917e-3]
[0.4029691540822836,0.48567325326741756,8.728747294040524e-2,2.407011970989364e-2]
[0.9546059913622116,2.997252418406531e-2,7.972491008198824e-3,7.448993445524292e-3]
[0.1480798308286667,0.7632315519713816,7.549942436766054e-2,1.3189192832291157e-2]
[0.7644506014892892,0.1800720483958706,3.544369454810736e-2,2.003365556673282e-2]
[0.11674258795816625,0.8054326491795805,6.828535195650953e-2,9.539410905743726e-3]
[0.28958905209971064,0.6314153317305804,6.347775970393683e-2,1.5517856465772214e-2]
[0.38755475716165444,0.5102954805813105,7.754579383502917e-2,2.4603968422005927e-2]
[0.24707804892822863,0.6263622697402,0.1029049019098785,2.365477942169278e-2]
[0.139303625500653,0.6917572610710581,0.15158005690842055,1.7359056519868327e-2]
[6.966400872551735e-2,0.7636652106114377,0.15715342254907988,9.517358113965103e-3]
[0.33570186269383123,0.6023490971819188,4.84278440862916e-2,1.3521196037958387e-2]
[0.8227055377958076,9.800916638311617e-2,3.1422466304370796e-2,4.7862829516705424e-2]
[0.9053576600461574,5.86512001034126e-2,1.7180475999540812e-2,1.881066385088923e-2]
[0.8660327494353945,7.811398725164953e-2,2.4413842023001772e-2,3.1439421289954264e-2]
[0.9587286966558812,2.899944159450866e-2,6.802783664620745e-3,5.469078084989252e-3]
[8.605481368276897e-2,0.8471370817750783,5.9417705208366235e-2,7.390399333786442e-3]
[0.612751660348797,0.3026176609338003,5.87468051707022e-2,2.588387354670046e-2]
[0.2890417758539529,0.5944955100341549,9.143004640312083e-2,2.5032667708771376e-2]
[0.1284449764982228,0.7299515881057063,0.1257593280757519,1.5844107320318983e-2]
[0.4612858358469149,0.43148681734844035,8.131586179974394e-2,2.5911485004900803e-2]
[0.8768301684531259,9.055257852619299e-2,1.938371282733317e-2,1.3233540193347897e-2]
[0.9614252444760274,2.6687891998649654e-2,6.615232843514443e-3,5.271630681808508e-3]
[0.8413065952354793,0.1204120419136552,2.494582217818468e-2,1.3335540672680758e-2]
[0.22528986050821553,0.7105800291878362,5.1723689250126256e-2,1.240642105382203e-2]
[0.9687595831298609,2.264005310018017e-2,5.032885500673464e-3,3.567478269285433e-3]
[0.6543025786771881,0.14643351652837247,5.793926276408593e-2,0.1413246420303535]
[0.9575554775070136,3.2226034594706555e-2,6.392574861056763e-3,3.8259130372230734e-3]
[0.8393735788041492,0.12208094870665795,2.411663862287299e-2,1.4428833866319822e-2]
[0.8845058631819701,8.972522218261073e-2,1.6475684099754362e-2,9.29323053566476e-3]
[0.4949360659927545,0.42615366988893,5.809215982932395e-2,2.0818104288991415e-2]
[0.5853895521215802,0.14770749249908757,6.056188420189907e-2,0.2063410711774332]
[0.9616083962567378,2.897151728547006e-2,5.759249175356586e-3,3.660837282435615e-3]
[7.336019599394403e-2,0.23086245400023359,0.6787368946260504,1.7040455379771967e-2]
[0.14575205310134173,0.7366337296142571,0.10378552930486741,1.3828687979533788e-2]
[3.218654931468935e-3,1.1178742096266448e-2,0.9848442830577102,7.58319914554561e-4]
[8.024297644527939e-2,0.5385401957778714,0.3688832011303796,1.233362664646963e-2]
[4.249226375278593e-2,0.1865534877950919,0.7625633025652528,8.390945886869259e-3]
[6.0242063536297054e-2,0.14094029687308451,0.7801932800852605,1.8624359505358058e-2]
[0.5896337713508844,0.27545123570080027,8.612853915195645e-2,4.878645379635891e-2]
[4.045219055872107e-2,0.1106878328952761,0.838113931969867,1.0746044576135903e-2]
[7.469260262873983e-2,0.2994834406526552,0.6119675854530866,1.3856371265518374e-2]
[4.2876447075407484e-2,0.11386881997262262,0.8306510419504208,1.2603691001548935e-2]
[7.244869828784152e-2,0.692848502983709,0.22387274244496075,1.0830056283488713e-2]
[6.876468323325052e-2,0.7240893350295581,0.19799819970043528,9.147782036756159e-3]
[3.55970684128686e-2,0.1891015283323447,0.7685416037350512,6.759799519735676e-3]
[0.22627619656263093,0.6297772218774342,0.12308088652644615,2.0865695033488615e-2]
[0.176451941209718,0.5986150028561176,0.20107711560208136,2.385594033208309e-2]
[8.576337693963762e-2,0.4847163580865625,0.41463673260497086,1.488353236882902e-2]
[6.488936549104186e-2,0.5015590604978936,0.4232317423372688,1.0319831673795804e-2]
[8.464021950600423e-2,0.18070858545993168,0.7047388573851645,2.9912337648899598e-2]
[9.074582891783699e-2,0.19045360808193126,0.6890726656730652,2.972789732716655e-2]
[0.2579502846010855,0.6037270082295693,0.11711581842107155,2.1206888748273735e-2]
[1.4082514540477731e-2,5.428427430528252e-2,0.9284529015507677,3.1803096034721855e-3]
[0.24340273907312973,0.6262262979924879,0.10905515907308153,2.131580386130095e-2]
[7.619027079855668e-2,0.16952148094862307,0.7302705700665025,2.4017678186317712e-2]
[2.9794253133045952e-2,0.941337753833313,2.61046957643548e-2,2.763297269286405e-3]
[2.741236546199485e-2,0.12013672539869474,0.8466933616769807,5.75754746232964e-3]
[2.1254607368126215e-2,6.736472168286689e-2,0.9060683774839899,5.312293465016886e-3]
[2.5824284169940467e-2,0.9560901661472135,1.5977752006757353e-2,2.107797676088583e-3]
[3.239441347031908e-2,0.9406311559180927,2.4036819296739852e-2,2.937611314848437e-3]
[7.147737150525554e-2,0.40694800125456937,0.5096097748205938,1.196485241958139e-2]
[4.4535611871031215e-2,0.1522439780352626,0.7930554588243255,1.0164951269380811e-2]
[3.7125434884120935e-2,0.10508994201956444,0.8481460877353101,9.638535361004475e-3]
[8.646467128979426e-2,0.18660622914763567,0.6964936355755037,3.0435463987066348e-2]
[7.244597618130873e-2,0.38025789002734783,0.5348009707826528,1.2495163008690571e-2]
[4.447789902120502e-2,0.9039280910209638,4.714161373037325e-2,4.452396227457758e-3]
[0.1459368647847156,0.5953306224840593,0.23910849515122623,1.962401757999891e-2]
[4.817250336145934e-2,0.12140641983654546,0.8161633288814376,1.4257747920557647e-2]
[8.631821063220808e-2,0.3343010138913116,0.561594529637501,1.7786245838979232e-2]
[7.074797465256046e-2,0.5409347729087078,0.3771535933907303,1.1163659048001385e-2]
[7.65721472273757e-2,0.8786169920204887,3.8739980499407786e-2,6.0708802527279105e-3]
[4.179114131389485e-2,0.21254041843268226,0.7374898425314166,8.178597722006237e-3]
[3.879054678710826e-2,0.16355697918149237,0.7895571595165802,8.095314514818968e-3]
[8.347924862048724e-2,0.3913749538537635,0.5090507757187867,1.609502180696268e-2]
[0.14575205310134173,0.7366337296142571,0.10378552930486741,1.3828687979533788e-2]
[1.2283281951144455e-2,4.421011987911909e-2,0.940660042802726,2.8465553670103394e-3]
[4.168890222167035e-2,0.150238786150057,0.7985076546658072,9.564656962465442e-3]
[7.711252237367795e-2,0.43494198537662565,0.47430063776111464,1.3644854488581767e-2]
[8.809448603044912e-2,0.8065811396271337,9.61380642230546e-2,9.186310119362629e-3]
[6.2182080913143645e-2,0.6951787323899477,0.2336055487537301,9.033637943178572e-3]
[0.1053331340265553,0.4663138599250262,0.4089659086353921,1.9387097413026407e-2]
[9.237034416836197e-2,0.8197444140532868,7.86525141580506e-2,9.232727620300613e-3]
